1.000  0.372  0.231  0.100  0.431  0.171  0.128  0.175  0.077  0.293
0.372  1.000  0.225  0.134  0.375  0.149  0.096  0.184  0.095  0.283
0.231  0.225  1.000  0.534  0.354  0.276  0.281  0.318  0.247  0.287
0.100  0.134  0.534  1.000  0.235  0.234  0.380  0.310  0.348  0.215
0.431  0.375  0.354  0.235  1.000  0.196  0.138  0.231  0.109  0.444
0.171  0.149  0.276  0.234  0.196  1.000  0.473  0.260  0.115  0.189
0.128  0.096  0.281  0.380  0.138  0.473  1.000  0.208  0.191  0.161
0.175  0.184  0.318  0.310  0.231  0.260  0.208  1.000  0.500  0.438
0.077  0.095  0.247  0.348  0.109  0.115  0.191  0.500  1.000  0.331
0.293  0.283  0.287  0.215  0.444  0.189  0.161  0.438  0.331  1.000
